2962159798 2990636152
2990636152 3013945596
3013945596 3033920779
3033920779 3082057738
3082057738 3144593069
3144593069 3183818881
3183818881 3205988581
3205988581 3231838941
3231838941 3266622304
3266622304 3294809187
3294809187 3332304821
3332304821 3351312319
3351312319 3406782141
3406782141 3429934787
3429934787 3461436500
3461436500 3503311028
3503311028 3517419870
3517419870 3554957747
3554957747 3575265856
3575265856 3605056466
3605056466 3645928758
3645928758 3671569929
3671569929 3694152528
3694152528 3727399204
3727399204 3766012145
3766012145 3796879076
3796879076 3822850364
3822850364 3857506149
3857506149 3886011250
3886011250 3910778768
3910778768 3940655261
3940655261 3970710132
3970710132 3993603357
3993603357 4034075112
4034075112 4059206686
4059206686 4080696822
4080696822 4093657102
4093657102 4124296024
4124296024 4169036881
4169036881 4202755505
4202755505 4237639341
4237639341 4280963779
4280963779 4293576015
4293576015 4326672920
4326672920 4343211088
4343211088 4372933310
4372933310 4416190836
4416190836 4447650131
4447650131 4486908135
4486908135 4534113085
4534113085 4553229245
4553229245 4589692480
4589692480 4617100246
4617100246 4632393200
4632393200 4648674694
4648674694 4692421303
4692421303 4736433616
4736433616 4758072746
4758072746 4777382800
4777382800 4806256327
4806256327 4835247588
4835247588 4866585072
4866585072 4889165172
4889165172 4923325945
4923325945 4951839891
4951839891 4994011313
4994011313 5025533649
5025533649 5083935295
5083935295 5134614950
5134614950 5173045969
5173045969 5210150885
5210150885 5236904051
5236904051 5278264114
5278264114 5327004179
5327004179 5368975033
5368975033 5397568946
5397568946 5422491691
5422491691 5459874328
5459874328 5488427931
5488427931 5525284619
5525284619 5566096398
5566096398 5577661596
5577661596 5598487070
5598487070 5616060781
5616060781 5658192350
5658192350 5705935710
5705935710 5721448548
5721448548 5746938178
5746938178 5795187386
5795187386 5826770795
5826770795 5851818777
5851818777 5891553695
5891553695 5918849116
5918849116 5954364178
5954364178 5972764526
5972764526 6002397303
6002397303 6024694513
6024694513 6062822144
6062822144 6094163516
6094163516 6123556313
10172005595524 10172005595525
11717379431722 11717379431726
15899561545062 15899561545063
45576551109397 45576551109401
49407422588404 49407422588408
54092834927361 54092834927362
73322456386725 73322456386729
87565116990524 87565116990528
104122295498177 104122295498178
107092861308667 107092861308668
114307268551388 114307268551389
121764378668453 121764378668454
139508579037709 139508579037710
141381582880557 141381582880561
146186144871411 146186144871412
149645944019205 149645944019209
157749640848860 157749640848864
158707361788457 158707361788461
160466138439626 160466138439627
161082546982429 161082546982430
172073996200178 172073996200182
183061051032206 183061051032210
188732222170575 188732222170576
214049525894442 214049525894446
266845837919438 266845837919439
308089982476076 308089982476080
328506201635656 328506201635660
329386591402057 329386591402061
365052622827160 365052622827164
387477881335323 387477881335324
407967982696283 407967982696287
441274343439549 441274343439553
489109984389574 489109984389578
525392464538102 525392464538103
579463016623829 579463016623833
610994180358309 610994180358313
611638985852599 611638985852603
655654823451689 655654823451690
712278027745963 712278027745964
781869491874150 781869491874151
845048336328979 845048336328983
846087039436359 846087039436360
878587751621774 878587751621775
901630053937946 901630053937950
902705871504436 902705871504437
925846074189060 925846074189061
960445769724008 960445769724012
1005118083245167 1005118083245171
1013718244857921 1013718244857922
1030547195642058 1030547195642059
1067059062072894 1067059062072895
1087508335889416 1087508335889420
1114881751437903 1114881751437907
1161103753496167 1161103753496168
1162745977122887 1162745977122888
1171729818549128 1171729818549129
1180829215858309 1180829215858313
1181654907393565 1181654907393569
1182554016985986 1182554016985987
1226745504384388 1226745504384389
1280495581549215 1280495581549219
1281919730920451 1281919730920452
1301289921748548 1301289921748549
1309517973333945 1309517973333949
1321563840327871 1321563840327872
1339505409739140 1339505409739144
1339505409739140 1339505409739144
1346314597821857 1346314597821858
1354632781284432 1354632781284433
1372295192612556 1372295192612557
1384415548233420 1384415548233424
1410236421133332 1410236421133333
1432446775212274 1432446775212275
1468586853329605 1468586853329609
1480307318117261 1480307318117265
1512293716543189 1512293716543190
1518715712307027 1518715712307031
1518715712307027 1518715712307031
1538013540494577 1538013540494581
1580768089439018 1580768089439019
1602270749104567 1602270749104571
1607954956528196 1607954956528200
1620019924958923 1620019924958924
1643423685751199 1643423685751200
1655471876119696 1655471876119697
1664475216590081 1664475216590085
1725182611711642 1725182611711646
1730286448208414 1730286448208418
1730485672566153 1730485672566157
1788043664960263 1788043664960264
1795826169762058 1795826169762062
1795826169762058 1795826169762062
1831284110119822 1831284110119823
1852320537659845 1852320537659846
1874167370614094 1874167370614095
1874992574192413 1874992574192414
1882225643233701 1882225643233702
1890064961811552 1890064961811553
1922882232098545 1922882232098546
1947279568779206 1947279568779210
1948904877379610 1948904877379614
1959801242632510 1959801242632514
1966215602161230 1966215602161231
2002713688801683 2002713688801684
2003430411672468 2003430411672472
2046822608352822 2046822608352826
2114507036707310 2114507036707311
3396408921820068 3396408921820069
3933309522086602 3933309522086606
3936898942076232 3936898942076236
4261246731146464 4261246731146468
4526799691883640 4526799691883644
4552831532059393 4552831532059397
4786461411422542 4786461411422543
5135832951587670 5135832951587674
5242378521313524 5242378521313528
5280209441419743 5280209441419744
5282516291157811 5282516291157812
5935862941061078 5935862941061082
5977211451360335 5977211451360336
6078434111124382 6078434111124386
7275042031504688 7275042031504692
7573025581408269 7573025581408270
8006349811672978 8006349811672982
8166224851961172 8166224851961176
8303726711343454 8303726711343455
8687926411884300 8687926411884304
8789098991185276 8789098991185280
8824223761578462 8824223761578466
8905322941709458 8905322941709459
9144840591805851 9144840591805852
9194584651676435 9194584651676439
9241369891593417 9241369891593418
9552230591012030 9552230591012031
9717696881031050 9717696881031054
9769985121657804 9769985121657805
9881868031152580 9881868031152581
10087084721637499 10087084721637503
10742017901371287 10742017901371288
10771463221731061 10771463221731062
10831420681664431 10831420681664435
11110225671131664 11110225671131668
11513986931462963 11513986931462967
11548153182007748 11548153182007749
11600170532006737 11600170532006741
11627771561935366 11627771561935367
11808711031544057 11808711031544058
11900631302123884 11900631302123885
11945950531051844 11945950531051848
12018570101126521 12018570101126525
12689524991429655 12689524991429659
13023100361120035 13023100361120036
13037492502001759 13037492502001760
13256394601999333 13256394601999334
13851901501227702 13851901501227706
13878061961167834 13878061961167838
13891156351540326 13891156351540327
14189303752044317 14189303752044318
14370513591642271 14370513591642272
14610363651025042 14610363651025046
14685617401072837 14685617401072841
14714808261000418 14714808261000419
14988737461001719 14988737461001723
15029941051554998 15029941051554999
15457270231886056 15457270231886057
15457270231886056 15457270231886057
15935484941178109 15935484941178110
16026598681094317 16026598681094318
16261072821206217 16261072821206221
16375526371642245 16375526371642249
16559408971498205 16559408971498206
16652776691484538 16652776691484539
16730937311677625 16730937311677626
16802488431657592 16802488431657593
16855242582071133 16855242582071134
16908911551547955 16908911551547959
16908911551547955 16908911551547959
17009858471935737 17009858471935741
17044906351227437 17044906351227438
17291650281922073 17291650281922077
17301841871097101 17301841871097102
17858649051161672 17858649051161673
18138621231576742 18138621231576746
18309444651925336 18309444651925340
18483683381551087 18483683381551088
18852793791657432 18852793791657433
18917306261711064 18917306261711065
19133048122140810 19133048122140811
19328574591456913 19328574591456917
19328574591456913 19328574591456917
19630761421452959 19630761421452963
19820615471484204 19820615471484208
19915526141666612 19915526141666616
20005925872057398 20005925872057402
20176018081709461 20176018081709465
20470173161422755 20470173161422756
20749230751036062 20749230751036063
20891489061690367 20891489061690371
21106250271678971 21106250271678972
21443019751224108 21443019751224112
21473992031402468 21473992031402468
21473996261134004 21473996261134004
21473999721581404 21473999721581404
21474013572108775 21474013572108775
21474015591601443 21474015591601443
21474024501675560 21474024501675560
21474035101421143 21474035101421143
21474048951698201 21474048951698201
21474049892063416 21474049892063416
21474051621396713 21474051621396713
21474078741243559 21474078741243559
21474080522060648 21474080522060648
21474080692045677 21474080692045677
21474085481133451 21474085481133451
21474093511205547 21474093511205547
21474105152052941 21474105152052941
21474113341377517 21474113341377517
21474125051470957 21474125051470957
21474141981829629 21474141981829629
21474157011391058 21474157011391058
21474167141171989 21474167141171989
21474168701844996 21474168701844996
21474170322145443 21474170322145443
21474187071022556 21474187071022556
21474188641976880 21474188641976880
21474216141394765 21474216141394765
21474222052109192 21474222052109192
21474223011996883 21474223011996883
21474226691703727 21474226691703727
21474238171005601 21474238171005601
21474239751885117 21474239751885117
21474244831113873 21474244831113873
21474256082037557 21474256082037557
21474265891393796 21474265891393796
21474285482135385 21474285482135385
21474299031507172 21474299031507172
21474309221201791 21474309221201791
21474311351641187 21474311351641187
21474311402003527 21474311402003527
21474314461881430 21474314461881430
21474316632137216 21474316632137216
21474324892007559 21474324892007559
21474333051044821 21474333051044821
21474349991495647 21474349991495647
21474352342045744 21474352342045744
21474390731368528 21474390731368528
21474399591243469 21474399591243469
21474403991440749 21474403991440749
21474404811887432 21474404811887432
21474419031053973 21474419031053973
21474427731872684 21474427731872684
21474434531852134 21474434531852134
21474454461404970 21474454461404970
21474484871681623 21474484871681623
21474497842112737 21474497842112737
21474502641420950 21474502641420950
21474507441204871 21474507441204871
21474508931803036 21474508931803036
21474521111959204 21474521111959204
21474528271160135 21474528271160135
21474533301911139 21474533301911139
21474540031168712 21474540031168712
21474553691918585 21474553691918585
21474556951207831 21474556951207831
21474566781798942 21474566781798942
21474574672034242 21474574672034242
21474578991763959 21474578991763959
21474603721308470 21474603721308470
21474605541534253 21474605541534253
21474625551144909 21474625551144909
21474634071233462 21474634071233462
21474651862104263 21474651862104263
21474655042010943 21474655042010943
21474655871608529 21474655871608529
21474674041449988 21474674041449988
21474675431234146 21474675431234146
21474679211826594 21474679211826594
21474684711711464 21474684711711464
21474686201605865 21474686201605865
21474688211307135 21474688211307135
21474704701183863 21474704701183863
21474715401413034 21474715401413034
21474719541135905 21474719541135905
21474726842033025 21474726842033025
21474728222009416 21474728222009416
21474743972072486 21474743972072486
21474750551171081 21474750551171081
21474750581810861 21474750581810861
21474751581132699 21474751581132699
21474761662135916 21474761662135916
21474762261009275 21474762261009275
21474769852005389 21474769852005389
21474781241877765 21474781241877765
21474792111330649 21474792111330649
21474797691513192 21474797691513192
21474811571599550 21474811571599550
21474811591492356 21474811591492356
21474817171387058 21474817171387058
21474823291042053 21474823291042053
21474824852032348 21474824852032348
